[array([[-5.39941681],
       [ 2.34748539],
       [95.28468454]]), array([[-5.39940121],
       [ 2.34843466],
       [95.28474676]]), array([[-5.39957608],
       [ 2.34761187],
       [95.28677947]]), array([[-5.3996804 ],
       [ 2.34762913],
       [95.28742659]]), array([[-5.39995188],
       [ 2.34794271],
       [95.28966695]]), array([[-5.39974425],
       [ 2.34838024],
       [95.28781661]]), array([[-5.39968695],
       [ 2.34804258],
       [95.29038626]]), array([[-5.39951836],
       [ 2.34792597],
       [95.28617476]]), array([[-5.39963745],
       [ 2.34765324],
       [95.28987994]]), array([[-5.39926918],
       [ 2.34800564],
       [95.28262907]]), array([[-5.39986918],
       [ 2.34793005],
       [95.29189553]]), array([[-5.39963479],
       [ 2.34771238],
       [95.28824831]]), array([[-5.39971722],
       [ 2.34796625],
       [95.29155239]]), array([[-5.39991279],
       [ 2.34772677],
       [95.29734705]]), array([[-5.39960486],
       [ 2.34784784],
       [95.2911559 ]]), array([[-5.40001887],
       [ 2.34819647],
       [95.29305391]]), array([[-5.39991216],
       [ 2.34805831],
       [95.29306228]]), array([[-5.39986112],
       [ 2.34752752],
       [95.29114455]]), array([[-5.40002422],
       [ 2.3475697 ],
       [95.29419766]]), array([[-5.3996792 ],
       [ 2.34825308],
       [95.29046007]]), array([[-5.40012543],
       [ 2.34823884],
       [95.29168371]]), array([[-5.40003255],
       [ 2.34767397],
       [95.29478036]]), array([[-5.39960017],
       [ 2.34776031],
       [95.28634349]]), array([[-5.39990914],
       [ 2.34797516],
       [95.28579497]]), array([[-5.39985829],
       [ 2.34816193],
       [95.28377624]]), array([[-5.11821459],
       [ 2.46909857],
       [94.67047114]])]