[array([[ 0.22602053],
       [-0.21065545],
       [-1.53420233]]), array([[ 0.22600317],
       [-0.21071093],
       [-1.53425609]]), array([[ 0.22599441],
       [-0.21064081],
       [-1.53422934]]), array([[ 0.22607798],
       [-0.21043526],
       [-1.53421069]]), array([[ 0.22610233],
       [-0.21038084],
       [-1.53419251]]), array([[ 0.22615721],
       [-0.21043142],
       [-1.5342145 ]]), array([[ 0.22618852],
       [-0.21043758],
       [-1.53425537]]), array([[ 0.22607341],
       [-0.21065337],
       [-1.5342285 ]]), array([[ 0.22612619],
       [-0.21052061],
       [-1.53421277]]), array([[ 0.22627172],
       [-0.21071957],
       [-1.53420567]]), array([[ 0.22599322],
       [-0.21038927],
       [-1.53421818]]), array([[ 0.22600178],
       [-0.21059386],
       [-1.53422149]]), array([[ 0.22592537],
       [-0.21053467],
       [-1.53424402]]), array([[ 0.22579254],
       [-0.21039611],
       [-1.53425084]]), array([[ 0.22579756],
       [-0.21058576],
       [-1.53427344]]), array([[ 0.22590959],
       [-0.21013589],
       [-1.53425999]]), array([[ 0.22603463],
       [-0.2103133 ],
       [-1.53422729]]), array([[ 0.22582514],
       [-0.21043489],
       [-1.53423392]]), array([[ 0.22577661],
       [-0.21044524],
       [-1.5342294 ]]), array([[ 0.22593312],
       [-0.21049422],
       [-1.53426571]]), array([[ 0.22606576],
       [-0.21017496],
       [-1.53427809]]), array([[ 0.22584716],
       [-0.21034096],
       [-1.53425646]]), array([[ 0.22624585],
       [-0.21046694],
       [-1.53422464]]), array([[ 0.22602486],
       [-0.21044795],
       [-1.53422044]]), array([[ 0.22627211],
       [-0.21028167],
       [-1.53420921]]), array([[ 0.36516667],
       [-0.3454015 ],
       [-1.51602091]])]